4.03  
1.45
2.02
0.52
0.70
0.90
0.79
0.33
0.33
4.38
0.51
1.52
4.10                   
1.03
2.88
1.51
1.99
3.31
0.41
1.84
1.29
0.54
4.64
5.28
1.76
4.33
1.97
4.60
2.46
0.74
2.52
2.53
2.02
1.35
0.98
1.23
0.78
9.27              
0.32
1.04
0.23
1.01
5.68
1.48
0.59
0.85
1.15
5.06
0.55
2.04
4.02              
2.10
2.31
3.86 
2.04
0.44
1.27
1.78
1.74
0.62
2.09
1.62
0.40
0.82
0.55
2.33
2.04
2.56
0.88
1.03
0.59
0.88
0.87
4.14 
0.29
0.27
2.46
1.27
1.25
0.74
0.68
1.50
3.82  
1.77
4.28
1.98
2.03
0.52
1.15
3.69
0.47
3.65
0.44
3.14
1.49
1.32
0.52
2.03                       
4.09  			
1.62
0.49
0.54
6.35           
4.82
0.52
0.45
1.11
0.58
0.49
1.29
0.89
0.65
0.59
5.34
4.82
0.72
3.55
3.60
3.86
2.00           
0.57
1.80
0.33
1.03
1.15
2.19
0.50
0.83
3.19
1.77
1.84
1.28
3.15
2.41
2.28
4.17 	
1.98       
2.06
1.43
2.49
1.35
2.79
4.07 	
0.47
1.16
0.55
0.57
0.54
1.17
2.99
2.40
1.51
6.59
0.30
1.09
5.79
1.10
0.25
3.25
1.93
0.53
1.88
2.45
4.46                    
0.69
2.82
1.51
1.55
1.38
0.67
1.42
2.87
1.62
1.02
0.79
1.07
0.50
1.17
7.24                                
2.41
3.10
1.43
2.90
2.49
7.02                            
0.73
0.46
0.60
1.45
3.67
0.82
3.44
1.06
6.46
2.31
9.13
2.16
0.79
0.24
3.08
0.38
1.18
0.73
1.51
0.30
0.40
1.96        
2.30
6.15            
1.53
1.13
3.50
2.38
0.55
1.75
0.30
0.25
1.22
0.44
0.63
1.07
0.65
2.57
0.92        
2.12
0.44
0.22
3.17
0.33
5.57
1.16  
0.50
2.15
1.71
0.34
3.10
1.99
3.48
1.68
3.19
1.97
4.43
1.56   
1.63
1.71
3.08
1.51
1.89
0.81
1.52
3.66
2.45
0.98
0.41
1.14
1.73
1.56
1.83
4.58
5.09
7.05  
1.20
0.24
0.65
1.44
4.97  				
2.67
1.72
3.98
3.56
9.18 		
6.05
5.32
0.83
1.65                              
2.08
0.36
1.30
0.52
4.79
1.56
1.86
0.41
3.02
0.44
0.73
2.35
1.93
0.45
5.16
4.98
0.98
2.30
1.16 		
5.90
3.24
2.60
0.30
3.44
0.94
1.83
3.72
2.04
0.44
0.49
0.97
1.25
0.33
1.38
0.34
0.69
0.30
5.32
0.79
1.85
2.01
6.01
2.70 	
2.19
3.80
2.77
1.98
0.50
1.53
0.35
4.27
0.46
3.01
0.44
2.06
0.78
1.22
1.14
1.81
0.24
1.96              
1.89           
0.78
1.17
1.11
4.67
0.34
2.02
1.16
1.04
0.30
4.87
1.82
0.97
3.46
0.46
0.52
1.77
6.94
2.24
0.67
0.51
0.79
0.60
2.82
1.10
2.52
0.84
3.56
1.91
0.70
3.74
0.96
0.66
1.97
1.73
1.97
1.09
1.26
2.96
0.32
2.95
0.24
1.90
5.24
0.38
1.35
2.06
1.57
4.37
0.79
7.95
3.83
0.53
5.62
1.19
1.41
6.82
1.66
5.80
1.78
5.45                     
1.32
6.31
4.39
0.52
1.50
0.25
3.89
3.58
0.30  
1.63
4.34 
2.19
1.44
2.58
0.67
1.25
1.98 
0.39
3.31
2.11
5.70
4.27
5.82
2.91
2.66
0.51
3.69
2.88
0.60
0.23
1.38
2.05                           
4.76
2.88
1.88
0.56
0.59
1.14
1.47
1.18
1.04
1.69
2.80
1.76
2.06 
0.34
1.31
1.90
3.61
2.73
0.33
4.96
1.89
0.27
1.53
1.36
3.75
4.47
0.33
0.63
2.56                  
2.11                 
0.81
0.97
1.23
1.04
0.90
0.96
1.62
0.45
5.21
2.11            					
1.42
0.29
0.32
1.99
2.10
3.68
2.29
0.68
2.26
1.00
1.26
3.47
0.89
2.41
2.52
1.22
2.16                             
1.51
2.77
0.31
2.89
1.14
7.11
0.42 		
1.21
0.59
2.75
0.71
0.74
1.38
3.40                                  
3.36                          
1.10
8.00 	                    
6.11
3.27
3.04
2.82
1.87
2.67                          
1.58
1.03
1.73
0.83
2.13
2.57
1.71
1.73 
0.37
0.53
0.45
0.24   
0.97
2.66
0.34
0.25
0.91
0.51
0.42
0.34
1.34
10.22
1.76
1.20
0.88
2.09                                  
5.10
1.05     
0.51
2.27
2.46
3.27
0.37
0.28
1.63
0.50
0.83
6.61
2.07   
6.29
2.19                            
0.24
2.66  
3.74
1.38
1.77
0.64
2.79
1.25
2.26
2.33
1.54
0.76
0.52
1.44
0.57
1.03
0.32
2.17                                     
5.94
2.39
3.00
1.81
1.82
0.34
2.12
4.70
3.97
0.37
4.77
7.41
0.55
3.24 
1.38
5.57
5.28
4.85 
1.28
0.24
5.45 
0.66
0.34
5.16
3.96
0.23
3.34
1.74
0.81
1.79
1.02
0.71
0.79
1.35
0.53
0.68
3.72
3.74 
